0 0.11328125 0.91328125 0.11328125 0.17109375
0 0.37265625 0.92265625 0.11484375 0.153125
0 0.09765625 0.55703125 0.04296875 0.05859375
0 0.35703125 0.634375 0.059375 0.08359375
0 0.2578125 0.9359375 0.09921875 0.12578125
0 0.51640625 0.921875 0.13828125 0.15390625
0 0.203125 0.54921875 0.0421875 0.0640625
0 0.82109375 0.63828125 0.09609375 0.08671875
0 0.30234375 0.6859375 0.06875 0.10625
0 0.12734375 0.70625 0.06640625 0.11484375
0 0.72578125 0.8765625 0.13125 0.171875
0 0.01875 0.940625 0.0375 0.11796875
0 0.9265625 0.8359375 0.14609375 0.1515625
0 0.0671875 0.6484375 0.053125 0.0734375
0 0.3171875 0.54375 0.04453125 0.05859375
0 0.225 0.7015625 0.0640625 0.0984375
0 0.96640625 0.61171875 0.06640625 0.0734375
0 0.0453125 0.7046875 0.06328125 0.1015625
0 0.15078125 0.55546875 0.04140625 0.06171875
0 0.56328125 0.67109375 0.08984375 0.1140625
0 0.5015625 0.61171875 0.0625 0.1
0 0.421875 0.52734375 0.05546875 0.0734375
0 0.35078125 0.503125 0.04296875 0.0609375
0 0.62421875 0.65625 0.084375 0.10078125
0 0.015625 0.53203125 0.03125 0.05
0 0.62734375 0.86875 0.14609375 0.2265625
0 0.21484375 0.6359375 0.05234375 0.08125
0 0.90078125 0.57578125 0.08125 0.0703125
0 0.61796875 0.509375 0.06484375 0.07890625
0 0.95546875 0.559375 0.08046875 0.05390625
0 0.5609375 0.59453125 0.07109375 0.08515625
0 0.8859375 0.946875 0.2234375 0.10390625
0 0.690625 0.63828125 0.08984375 0.115625
0 0.75 0.58359375 0.0765625 0.090625
0 0.690625 0.5875 0.090625 0.103125
0 0.665625 0.4765625 0.04765625 0.06796875
0 0.85078125 0.8640625 0.15859375 0.146875
0 0.00546875 0.5578125 0.0109375 0.065625
0 0.003125 0.684375 0.00625 0.090625