0 0.26015625 0.9359375 0.10546875 0.12578125
0 0.01875 0.93984375 0.0375 0.1171875
0 0.11328125 0.91328125 0.11328125 0.17109375
0 0.12734375 0.70703125 0.06640625 0.115625
0 0.09765625 0.55625 0.04296875 0.05859375
0 0.51640625 0.921875 0.13828125 0.1546875
0 0.20234375 0.54921875 0.04140625 0.0640625
0 0.39296875 0.684375 0.07734375 0.10625
0 0.82109375 0.63828125 0.09609375 0.08671875
0 0.58359375 0.39921875 0.0375 0.03125
0 0.7234375 0.8765625 0.12578125 0.16953125
0 0.30234375 0.68515625 0.06875 0.10546875
0 0.1515625 0.55546875 0.04140625 0.0640625
0 0.0671875 0.6484375 0.053125 0.075
0 0.22421875 0.70078125 0.06328125 0.0984375
0 0.9265625 0.8359375 0.1453125 0.153125
0 0.56328125 0.67109375 0.08984375 0.1140625
0 0.35078125 0.503125 0.04296875 0.06015625
0 0.3546875 0.634375 0.05703125 0.084375
0 0.3171875 0.54453125 0.04453125 0.059375
0 0.965625 0.61171875 0.0671875 0.0734375
0 0.015625 0.53203125 0.03046875 0.05
0 0.421875 0.5265625 0.05546875 0.0734375
0 0.62421875 0.65546875 0.084375 0.10078125
0 0.50234375 0.61171875 0.06484375 0.09921875
0 0.21484375 0.63671875 0.05234375 0.08203125
0 0.61796875 0.509375 0.06484375 0.078125
0 0.90078125 0.575 0.08046875 0.06875
0 0.628125 0.86875 0.14609375 0.22890625
0 0.95546875 0.55859375 0.0796875 0.0546875
0 0.85390625 0.86875 0.16484375 0.15390625
0 0.56015625 0.5953125 0.06875 0.08359375
0 0.690625 0.584375 0.09140625 0.09921875
0 0.665625 0.4765625 0.04765625 0.06640625
0 0.690625 0.63828125 0.08984375 0.11640625
0 0.75 0.58359375 0.0765625 0.090625
0 0.88671875 0.94765625 0.225 0.103125
0 0.475 0.384375 0.01171875 0.02109375
0 0.9109375 0.9671875 0.17421875 0.0640625
0 0.0453125 0.70390625 0.06328125 0.103125
0 0.003125 0.68359375 0.00625 0.0921875
0 0.00546875 0.55859375 0.0109375 0.0609375
0 0.478125 0.39140625 0.01953125 0.03359375