0 0.3828125 0.77421875 0.115625 0.20078125
0 0.49453125 0.934375 0.13984375 0.1296875
0 0.25078125 0.78046875 0.14140625 0.1890625
0 0.65703125 0.7890625 0.1 0.18828125
0 0.5375 0.51875 0.06484375 0.1109375
0 0.5109375 0.36953125 0.04296875 0.05859375
0 0.61484375 0.36953125 0.040625 0.06171875
0 0.165625 0.9234375 0.17421875 0.1515625
0 0.478125 0.459375 0.05390625 0.07421875
0 0.9171875 0.7984375 0.1390625 0.1953125
0 0.19375 0.36640625 0.0578125 0.06484375
0 0.5640625 0.371875 0.04140625 0.06328125
0 0.76640625 0.46875 0.05859375 0.084375
0 0.71015625 0.5140625 0.06640625 0.10546875
0 0.96484375 0.53046875 0.06875 0.12109375
0 0.73046875 0.3734375 0.04453125 0.06015625
0 0.05078125 0.73984375 0.1015625 0.1953125
0 0.30234375 0.5109375 0.071875 0.08984375
0 0.140625 0.7515625 0.13046875 0.21015625
0 0.2984375 0.371875 0.05234375 0.05078125
0 0.24453125 0.3390625 0.04375 0.0484375
0 0.68671875 0.934375 0.1421875 0.1296875
0 0.0203125 0.50078125 0.040625 0.0828125
0 0.98046875 0.72109375 0.03828125 0.19453125
0 0.83671875 0.365625 0.05703125 0.07421875
0 0.7640625 0.33515625 0.0421875 0.0609375
0 0.915625 0.459375 0.065625 0.103125
0 0.14296875 0.5015625 0.08671875 0.1109375
0 0.4296875 0.3421875 0.03359375 0.04921875
0 0.63203125 0.52265625 0.06328125 0.0953125
0 0.4046875 0.36484375 0.0453125 0.06484375
0 0.9703125 0.45078125 0.0578125 0.09375
0 0.03203125 0.95625 0.06328125 0.0859375
0 0.14921875 0.440625 0.06953125 0.04375
0 0.625 0.45390625 0.05234375 0.0734375
0 0.8109375 0.26015625 0.02109375 0.021875
0 0.37890625 0.49375 0.0859375 0.1453125
0 0.22421875 0.496875 0.090625 0.11171875
0 0.01171875 0.83359375 0.0234375 0.13515625
0 0.41640625 0.45078125 0.06171875 0.10390625
0 0.0734375 0.48984375 0.11484375 0.12578125
0 0.903125 0.31953125 0.0640625 0.09609375
0 0.5140625 0.75859375 0.11015625 0.24453125
0 0.03046875 0.334375 0.02578125 0.03828125
0 0.0734375 0.3109375 0.03515625 0.0359375
0 0.00546875 0.6703125 0.0109375 0.075