0 0.26796875 0.9359375 0.11953125 0.12578125
0 0.01875 0.93984375 0.0375 0.1171875
0 0.12734375 0.70703125 0.0671875 0.1140625
0 0.11328125 0.91328125 0.11328125 0.17109375
0 0.09765625 0.55703125 0.04296875 0.06015625
0 0.39296875 0.684375 0.07734375 0.10625
0 0.20234375 0.55078125 0.04375 0.06328125
0 0.15078125 0.55546875 0.04140625 0.0640625
0 0.8203125 0.63828125 0.09609375 0.08828125
0 0.51640625 0.921875 0.140625 0.1546875
0 0.3015625 0.6859375 0.06953125 0.10703125
0 0.9265625 0.83515625 0.14609375 0.15390625
0 0.3171875 0.54453125 0.04453125 0.059375
0 0.965625 0.61171875 0.0671875 0.07421875
0 0.04453125 0.703125 0.06328125 0.09921875
0 0.22421875 0.70234375 0.06484375 0.10078125
0 0.0671875 0.646875 0.05234375 0.07421875
0 0.35078125 0.503125 0.04375 0.0609375
0 0.5625 0.67109375 0.0890625 0.11484375
0 0.35390625 0.634375 0.05703125 0.084375
0 0.015625 0.53203125 0.03046875 0.05
0 0.421875 0.52734375 0.05546875 0.0734375
0 0.21484375 0.63671875 0.05234375 0.08203125
0 0.5015625 0.61328125 0.0640625 0.1
0 0.72421875 0.8765625 0.12734375 0.16953125
0 0.6234375 0.65625 0.08359375 0.10078125
0 0.86015625 0.86796875 0.17421875 0.1546875
0 0.61796875 0.509375 0.06328125 0.07890625
0 0.9015625 0.57578125 0.0828125 0.0703125
0 0.95546875 0.559375 0.08125 0.05625
0 0.56171875 0.59609375 0.07109375 0.08203125
0 0.628125 0.86953125 0.14609375 0.23046875
0 0.69140625 0.5828125 0.09140625 0.0953125
0 0.66484375 0.4765625 0.04765625 0.06875
0 0.690625 0.63828125 0.0890625 0.11640625
0 0.90234375 0.96796875 0.16015625 0.06328125
0 0.74921875 0.584375 0.07421875 0.090625
0 0.47421875 0.3828125 0.0125 0.02109375
0 0.9765625 0.96484375 0.04609375 0.06875
0 0.00546875 0.5578125 0.0109375 0.0625
0 0.003125 0.68359375 0.00625 0.0890625