0 0.11328125 0.91328125 0.11328125 0.171875
0 0.01875 0.93984375 0.0375 0.1171875
0 0.2671875 0.9359375 0.11875 0.1265625
0 0.12734375 0.70625 0.06640625 0.11484375
0 0.09765625 0.55703125 0.04296875 0.06015625
0 0.51640625 0.921875 0.1390625 0.1546875
0 0.82109375 0.63828125 0.09609375 0.08671875
0 0.15078125 0.55546875 0.0421875 0.0640625
0 0.39296875 0.684375 0.07734375 0.10625
0 0.30234375 0.6859375 0.06875 0.10625
0 0.72421875 0.8765625 0.12734375 0.1703125
0 0.0671875 0.6484375 0.05234375 0.07421875
0 0.9265625 0.83515625 0.14609375 0.1515625
0 0.22421875 0.7 0.0640625 0.10390625
0 0.35078125 0.50234375 0.04296875 0.06171875
0 0.31796875 0.54453125 0.04453125 0.06015625
0 0.96640625 0.61171875 0.06640625 0.0734375
0 0.0453125 0.70234375 0.06328125 0.09921875
0 0.421875 0.52734375 0.05546875 0.0734375
0 0.015625 0.53203125 0.03046875 0.05
0 0.62421875 0.65546875 0.08359375 0.10078125
0 0.61796875 0.509375 0.0640625 0.07890625
0 0.5015625 0.61171875 0.0640625 0.09921875
0 0.3546875 0.63515625 0.05625 0.08359375
0 0.628125 0.86875 0.14609375 0.22890625
0 0.21484375 0.6359375 0.05234375 0.08125
0 0.95546875 0.55859375 0.0796875 0.0515625
0 0.20234375 0.54921875 0.04296875 0.0640625
0 0.9015625 0.575 0.08203125 0.06875
0 0.56015625 0.59453125 0.06953125 0.08125
0 0.690625 0.5859375 0.09140625 0.1
0 0.665625 0.4765625 0.0484375 0.065625
0 0.75 0.58359375 0.0765625 0.09140625
0 0.690625 0.63828125 0.08984375 0.11796875
0 0.88671875 0.94609375 0.225 0.10625
0 0.90078125 0.96796875 0.15234375 0.06171875
0 0.85546875 0.86796875 0.16640625 0.1515625
0 0.56328125 0.67109375 0.08984375 0.11484375
0 0.9109375 0.390625 0.03359375 0.0265625
0 0.68046875 0.56328125 0.06875 0.06171875
0 0.003125 0.6828125 0.00625 0.090625
0 0.00546875 0.55859375 0.0109375 0.0640625