0 0.01875 0.93984375 0.0375 0.11875
0 0.11328125 0.91328125 0.11328125 0.171875
0 0.128125 0.70703125 0.0671875 0.115625
0 0.26796875 0.9359375 0.11953125 0.12578125
0 0.09765625 0.55625 0.04296875 0.059375
0 0.5171875 0.921875 0.1390625 0.1546875
0 0.94375 0.68828125 0.1109375 0.096875
0 0.82109375 0.6375 0.09609375 0.0859375
0 0.721875 0.87578125 0.1234375 0.1703125
0 0.39296875 0.68515625 0.07734375 0.10703125
0 0.35078125 0.5015625 0.04296875 0.06328125
0 0.3171875 0.54453125 0.04453125 0.059375
0 0.22421875 0.70078125 0.06328125 0.096875
0 0.015625 0.53203125 0.03046875 0.05
0 0.56328125 0.67109375 0.08984375 0.1140625
0 0.15078125 0.55546875 0.04140625 0.0640625
0 0.421875 0.5265625 0.05546875 0.07421875
0 0.9265625 0.834375 0.14609375 0.153125
0 0.0453125 0.7046875 0.06328125 0.1015625
0 0.3546875 0.634375 0.05703125 0.084375
0 0.62421875 0.65546875 0.08359375 0.10078125
0 0.61796875 0.509375 0.0640625 0.07890625
0 0.50234375 0.6109375 0.06328125 0.0984375
0 0.96640625 0.6109375 0.06640625 0.071875
0 0.30234375 0.6859375 0.06875 0.10625
0 0.21484375 0.6359375 0.05234375 0.08125
0 0.90078125 0.575 0.08046875 0.06875
0 0.628125 0.86875 0.1453125 0.22890625
0 0.85546875 0.86875 0.16640625 0.1546875
0 0.203125 0.54921875 0.0421875 0.0640625
0 0.56015625 0.5953125 0.06875 0.08359375
0 0.690625 0.63828125 0.08984375 0.11640625
0 0.690625 0.58671875 0.09140625 0.1015625
0 0.665625 0.4765625 0.04765625 0.06640625
0 0.75 0.58359375 0.0765625 0.090625
0 0.88671875 0.95 0.225 0.0984375
0 0.9109375 0.96796875 0.1734375 0.06328125
0 0.9546875 0.559375 0.0796875 0.05390625
0 0.0671875 0.6484375 0.053125 0.075
0 0.67890625 0.5640625 0.06640625 0.0609375
0 0.00625 0.55859375 0.01171875 0.06171875
0 0.003125 0.684375 0.00625 0.090625