0 0.34453125 0.80546875 0.17578125 0.12109375
0 0.11328125 0.91328125 0.11328125 0.17109375
0 0.259375 0.9359375 0.103125 0.1265625
0 0.01875 0.940625 0.0375 0.11796875
0 0.128125 0.70625 0.06640625 0.11484375
0 0.09765625 0.55625 0.04296875 0.059375
0 0.51640625 0.921875 0.1390625 0.15390625
0 0.82109375 0.63828125 0.09609375 0.08671875
0 0.203125 0.55 0.04296875 0.06328125
0 0.35625 0.634375 0.05859375 0.08203125
0 0.72578125 0.8765625 0.13125 0.17109375
0 0.15078125 0.5546875 0.04140625 0.06328125
0 0.0671875 0.64921875 0.05234375 0.07421875
0 0.30234375 0.68359375 0.06875 0.103125
0 0.31796875 0.54375 0.04453125 0.06015625
0 0.9265625 0.8359375 0.14609375 0.153125
0 0.96640625 0.6109375 0.06640625 0.07421875
0 0.015625 0.53203125 0.03046875 0.04921875
0 0.56328125 0.67109375 0.08984375 0.1140625
0 0.225 0.7015625 0.06328125 0.0984375
0 0.0453125 0.70390625 0.0625 0.10078125
0 0.35078125 0.503125 0.04296875 0.0609375
0 0.62421875 0.65625 0.084375 0.10078125
0 0.421875 0.5265625 0.05546875 0.071875
0 0.50234375 0.6109375 0.06328125 0.0984375
0 0.21484375 0.6359375 0.05234375 0.08125
0 0.90078125 0.5765625 0.08203125 0.06953125
0 0.95546875 0.55859375 0.0796875 0.0515625
0 0.61796875 0.509375 0.0640625 0.078125
0 0.628125 0.86875 0.146875 0.22890625
0 0.56015625 0.5953125 0.06953125 0.08515625
0 0.690625 0.5875 0.090625 0.10078125
0 0.690625 0.63828125 0.08984375 0.11796875
0 0.85 0.86796875 0.15625 0.15390625
0 0.7484375 0.58359375 0.0796875 0.09140625
0 0.9109375 0.9671875 0.1734375 0.0640625
0 0.88671875 0.9484375 0.225 0.10078125
0 0.71640625 0.52578125 0.11328125 0.05390625
0 0.665625 0.4765625 0.04765625 0.06796875
0 0.003125 0.684375 0.00625 0.090625
0 0.00546875 0.5578125 0.0109375 0.0625