0 0.01875 0.940625 0.0375 0.11796875
0 0.11328125 0.91328125 0.11328125 0.17109375
0 0.25859375 0.9359375 0.1015625 0.12578125
0 0.36796875 0.9109375 0.13125 0.17421875
0 0.09765625 0.55625 0.04296875 0.059375
0 0.51640625 0.921875 0.13984375 0.15390625
0 0.20234375 0.55 0.04296875 0.06328125
0 0.82109375 0.6375 0.09609375 0.0859375
0 0.30234375 0.68515625 0.06875 0.10546875
0 0.35703125 0.634375 0.059375 0.08203125
0 0.72578125 0.8765625 0.13203125 0.171875
0 0.0671875 0.64921875 0.05390625 0.07421875
0 0.9265625 0.8359375 0.14609375 0.153125
0 0.96640625 0.6109375 0.06640625 0.07421875
0 0.15078125 0.5546875 0.04140625 0.06328125
0 0.225 0.70078125 0.06328125 0.0984375
0 0.31796875 0.54375 0.04453125 0.06015625
0 0.0453125 0.703125 0.0625 0.09921875
0 0.56328125 0.67109375 0.08984375 0.1140625
0 0.01484375 0.53125 0.0296875 0.05
0 0.6234375 0.65625 0.08515625 0.10078125
0 0.50234375 0.61171875 0.06328125 0.09921875
0 0.35078125 0.503125 0.04296875 0.06015625
0 0.21484375 0.6359375 0.0515625 0.08125
0 0.90078125 0.5765625 0.08203125 0.06953125
0 0.628125 0.86953125 0.14609375 0.228125
0 0.12734375 0.70703125 0.06640625 0.115625
0 0.421875 0.5265625 0.05546875 0.071875
0 0.68203125 0.4421875 0.02890625 0.04375
0 0.61796875 0.509375 0.0640625 0.07890625
0 0.85 0.8671875 0.15546875 0.15078125
0 0.5609375 0.59453125 0.0703125 0.084375
0 0.690625 0.58671875 0.090625 0.1015625
0 0.690625 0.63828125 0.08984375 0.11796875
0 0.95546875 0.55859375 0.08046875 0.053125
0 0.75 0.58359375 0.0765625 0.09140625
0 0.90703125 0.9671875 0.1625 0.0640625
0 0.8859375 0.94453125 0.22265625 0.10859375
0 0.66640625 0.4765625 0.04765625 0.065625
0 0.678125 0.56328125 0.065625 0.059375
0 0.00625 0.559375 0.01171875 0.06484375
0 0.003125 0.68359375 0.00625 0.0921875