0 0.01875 0.940625 0.0375 0.11796875
0 0.26796875 0.9359375 0.11953125 0.12578125
0 0.12734375 0.70625 0.0671875 0.11484375
0 0.11328125 0.91328125 0.11328125 0.17109375
0 0.09765625 0.55625 0.04296875 0.059375
0 0.20234375 0.55 0.0421875 0.06328125
0 0.39296875 0.68515625 0.07734375 0.10703125
0 0.15078125 0.55546875 0.04140625 0.0640625
0 0.8203125 0.63828125 0.09609375 0.08671875
0 0.3015625 0.68515625 0.06953125 0.10546875
0 0.5171875 0.921875 0.1390625 0.1546875
0 0.9265625 0.8359375 0.14609375 0.1546875
0 0.965625 0.61171875 0.0671875 0.075
0 0.04453125 0.703125 0.06328125 0.0984375
0 0.35 0.503125 0.04296875 0.0609375
0 0.0671875 0.6484375 0.05234375 0.07578125
0 0.225 0.70234375 0.06484375 0.10078125
0 0.56328125 0.67109375 0.08984375 0.11484375
0 0.72421875 0.878125 0.12734375 0.171875
0 0.015625 0.53203125 0.03046875 0.05
0 0.421875 0.5265625 0.05546875 0.07421875
0 0.9015625 0.57578125 0.08125 0.0703125
0 0.5015625 0.61171875 0.0640625 0.1
0 0.35390625 0.63359375 0.05703125 0.08125
0 0.6234375 0.65625 0.08359375 0.103125
0 0.21484375 0.63671875 0.05234375 0.08203125
0 0.61796875 0.509375 0.06328125 0.0796875
0 0.85859375 0.86796875 0.17421875 0.1546875
0 0.95546875 0.559375 0.08046875 0.05546875
0 0.56171875 0.5953125 0.071875 0.08125
0 0.62734375 0.86953125 0.14609375 0.2296875
0 0.69140625 0.584375 0.0921875 0.09921875
0 0.66484375 0.4765625 0.04765625 0.06875
0 0.3171875 0.54375 0.04453125 0.05859375
0 0.690625 0.63828125 0.08984375 0.11640625
0 0.9765625 0.96484375 0.04609375 0.06875
0 0.47421875 0.38359375 0.01171875 0.0203125
0 0.90078125 0.96796875 0.15546875 0.06328125
0 0.75 0.58359375 0.07578125 0.09140625
0 0.00546875 0.55859375 0.0109375 0.0609375
0 0.003125 0.68359375 0.00625 0.0890625
0 0.88671875 0.95390625 0.22421875 0.08984375