0 0.11328125 0.91328125 0.11328125 0.171875
0 0.2578125 0.9359375 0.1 0.12578125
0 0.12734375 0.70703125 0.06640625 0.115625
0 0.01875 0.940625 0.0375 0.11796875
0 0.09765625 0.55703125 0.04296875 0.0609375
0 0.8203125 0.63828125 0.09609375 0.0890625
0 0.515625 0.921875 0.1375 0.1546875
0 0.72265625 0.8765625 0.12578125 0.17109375
0 0.30234375 0.6859375 0.06875 0.10703125
0 0.3515625 0.50234375 0.04453125 0.06171875
0 0.04609375 0.70390625 0.06328125 0.1
0 0.9265625 0.83671875 0.14609375 0.15390625
0 0.15 0.55546875 0.0421875 0.0640625
0 0.0671875 0.6484375 0.05234375 0.075
0 0.96640625 0.61171875 0.06640625 0.07421875
0 0.56328125 0.67109375 0.08984375 0.11484375
0 0.22421875 0.70078125 0.06328125 0.10078125
0 0.62421875 0.65625 0.08359375 0.10078125
0 0.015625 0.53203125 0.03046875 0.05
0 0.421875 0.52734375 0.05546875 0.0734375
0 0.61796875 0.51015625 0.0640625 0.078125
0 0.5015625 0.61171875 0.06328125 0.09921875
0 0.31796875 0.54453125 0.04453125 0.06015625
0 0.95546875 0.55859375 0.08046875 0.053125
0 0.203125 0.54921875 0.04296875 0.0640625
0 0.85546875 0.86796875 0.1671875 0.1515625
0 0.90078125 0.57578125 0.08046875 0.06953125
0 0.21484375 0.6359375 0.053125 0.08125
0 0.3546875 0.63359375 0.05625 0.08203125
0 0.62734375 0.86875 0.14453125 0.22890625
0 0.665625 0.4765625 0.0484375 0.065625
0 0.56015625 0.59375 0.06953125 0.0796875
0 0.68984375 0.63828125 0.08984375 0.11796875
0 0.69140625 0.58359375 0.090625 0.09609375
0 0.75 0.58359375 0.07734375 0.09140625
0 0.88671875 0.95 0.22578125 0.0984375
0 0.91171875 0.3875 0.03359375 0.03203125
0 0.39296875 0.68515625 0.07734375 0.10703125
0 0.47421875 0.37890625 0.01328125 0.0265625
0 0.00546875 0.55859375 0.0109375 0.0640625
0 0.003125 0.68359375 0.00625 0.0921875