0 0.01875 0.93984375 0.0375 0.1171875
0 0.11328125 0.91328125 0.11328125 0.17109375
0 0.2578125 0.9359375 0.09921875 0.12578125
0 0.09765625 0.55625 0.04296875 0.05859375
0 0.12734375 0.70625 0.06640625 0.11484375
0 0.3765625 0.92265625 0.12109375 0.153125
0 0.82109375 0.63828125 0.09609375 0.08671875
0 0.35625 0.634375 0.059375 0.08203125
0 0.203125 0.55 0.0421875 0.06328125
0 0.51640625 0.921875 0.13984375 0.15390625
0 0.30234375 0.6859375 0.06875 0.10625
0 0.9265625 0.8359375 0.14609375 0.1515625
0 0.72578125 0.8765625 0.13046875 0.17109375
0 0.15078125 0.5546875 0.04140625 0.06328125
0 0.3171875 0.54453125 0.04453125 0.059375
0 0.0671875 0.6484375 0.053125 0.0734375
0 0.225 0.7015625 0.06328125 0.096875
0 0.56328125 0.67109375 0.08984375 0.1140625
0 0.96640625 0.61171875 0.06640625 0.075
0 0.0453125 0.7046875 0.06328125 0.1015625
0 0.62421875 0.65546875 0.084375 0.1
0 0.50234375 0.61171875 0.06328125 0.09921875
0 0.015625 0.53203125 0.03046875 0.05
0 0.421875 0.5265625 0.05546875 0.071875
0 0.628125 0.86875 0.14609375 0.22890625
0 0.21484375 0.6359375 0.05234375 0.08046875
0 0.35078125 0.50390625 0.04296875 0.0609375
0 0.9015625 0.57578125 0.0828125 0.06953125
0 0.95546875 0.55859375 0.0796875 0.053125
0 0.61796875 0.509375 0.06484375 0.07890625
0 0.85 0.865625 0.15546875 0.14921875
0 0.5609375 0.5953125 0.07109375 0.08515625
0 0.690625 0.5875 0.09140625 0.103125
0 0.88671875 0.946875 0.225 0.1046875
0 0.690625 0.63828125 0.08984375 0.11640625
0 0.75 0.58359375 0.07578125 0.090625
0 0.665625 0.4765625 0.04765625 0.06875
0 0.003125 0.6828125 0.00625 0.090625
0 0.00625 0.55859375 0.01171875 0.0640625