0 0.26796875 0.9359375 0.11953125 0.12578125
0 0.01875 0.93984375 0.0375 0.1171875
0 0.11328125 0.91328125 0.11328125 0.17109375
0 0.12734375 0.70625 0.06640625 0.11484375
0 0.09765625 0.55703125 0.04296875 0.06015625
0 0.51640625 0.921875 0.13828125 0.1546875
0 0.20234375 0.55078125 0.04296875 0.0640625
0 0.8203125 0.63828125 0.09609375 0.08671875
0 0.39296875 0.684375 0.07734375 0.10625
0 0.7234375 0.8765625 0.12578125 0.16953125
0 0.3015625 0.68515625 0.06953125 0.10546875
0 0.0671875 0.6484375 0.05234375 0.075
0 0.96640625 0.6109375 0.06640625 0.07421875
0 0.9265625 0.834375 0.14609375 0.153125
0 0.22421875 0.7015625 0.06328125 0.10078125
0 0.15078125 0.55546875 0.04140625 0.06484375
0 0.56328125 0.67109375 0.08984375 0.11484375
0 0.35 0.50234375 0.04296875 0.06171875
0 0.50234375 0.61171875 0.06484375 0.1
0 0.421875 0.52734375 0.05546875 0.0734375
0 0.3546875 0.634375 0.05703125 0.084375
0 0.90078125 0.57578125 0.08046875 0.06953125
0 0.0453125 0.703125 0.06328125 0.10078125
0 0.62421875 0.65546875 0.08359375 0.1
0 0.61796875 0.509375 0.06484375 0.07890625
0 0.21484375 0.63671875 0.05234375 0.08203125
0 0.015625 0.53203125 0.03046875 0.04921875
0 0.95546875 0.559375 0.0796875 0.05546875
0 0.628125 0.86875 0.1453125 0.22890625
0 0.5609375 0.5953125 0.07109375 0.08359375
0 0.69140625 0.58515625 0.09140625 0.1
0 0.85234375 0.86875 0.16171875 0.15390625
0 0.31796875 0.54453125 0.04453125 0.059375
0 0.690625 0.63828125 0.08984375 0.11640625
0 0.665625 0.4765625 0.04765625 0.06640625
0 0.75 0.58359375 0.07578125 0.090625
0 0.88671875 0.94765625 0.22421875 0.103125
0 0.53203125 0.37421875 0.02421875 0.03203125
0 0.475 0.38359375 0.0109375 0.01875
0 0.90234375 0.9671875 0.153125 0.0640625
0 0.003125 0.68359375 0.00625 0.0921875
0 0.00546875 0.55859375 0.0109375 0.0640625