0 0.26796875 0.9359375 0.11953125 0.1265625
0 0.01875 0.940625 0.0375 0.11796875
0 0.11328125 0.91328125 0.11328125 0.17109375
0 0.09765625 0.55625 0.04296875 0.059375
0 0.12734375 0.70703125 0.0671875 0.11484375
0 0.15078125 0.55546875 0.04140625 0.06484375
0 0.51640625 0.921875 0.13828125 0.1546875
0 0.39296875 0.68515625 0.07734375 0.10703125
0 0.3015625 0.6859375 0.06953125 0.10625
0 0.8203125 0.63828125 0.09609375 0.08671875
0 0.9265625 0.834375 0.14609375 0.153125
0 0.965625 0.61171875 0.0671875 0.07421875
0 0.3171875 0.54453125 0.04453125 0.059375
0 0.0671875 0.6484375 0.05234375 0.07421875
0 0.20234375 0.55 0.04296875 0.06328125
0 0.225 0.703125 0.0640625 0.1
0 0.04453125 0.70390625 0.06328125 0.1
0 0.5625 0.67109375 0.0890625 0.11484375
0 0.7234375 0.87578125 0.12578125 0.16875
0 0.421875 0.5265625 0.05546875 0.07421875
0 0.35 0.50234375 0.04296875 0.06171875
0 0.50234375 0.61171875 0.06484375 0.1
0 0.35390625 0.634375 0.05703125 0.084375
0 0.9015625 0.57578125 0.08203125 0.06953125
0 0.2140625 0.63671875 0.0515625 0.08203125
0 0.62421875 0.65625 0.08359375 0.10078125
0 0.015625 0.53203125 0.03046875 0.05
0 0.61796875 0.509375 0.06328125 0.07890625
0 0.85859375 0.86796875 0.17265625 0.15390625
0 0.56171875 0.5953125 0.07265625 0.08359375
0 0.69140625 0.58125 0.0921875 0.09296875
0 0.95703125 0.56015625 0.08203125 0.05546875
0 0.690625 0.63828125 0.08984375 0.11640625
0 0.74921875 0.5828125 0.07578125 0.09140625
0 0.628125 0.86953125 0.1453125 0.23046875
0 0.66484375 0.4765625 0.04765625 0.06875
0 0.88046875 0.96484375 0.21015625 0.06875
0 0.47421875 0.3828125 0.0125 0.01953125
0 0.9765625 0.96484375 0.04609375 0.06875
0 0.71640625 0.5359375 0.0875 0.04921875
0 0.00546875 0.559375 0.0109375 0.0625
0 0.003125 0.68515625 0.00625 0.0890625