0 0.01875 0.940625 0.0375 0.11796875
0 0.11328125 0.91328125 0.11328125 0.17109375
0 0.37265625 0.91796875 0.12109375 0.16171875
0 0.09765625 0.55625 0.04296875 0.05859375
0 0.25859375 0.9359375 0.1015625 0.12578125
0 0.128125 0.70703125 0.06640625 0.115625
0 0.51640625 0.921875 0.1390625 0.15390625
0 0.20234375 0.54921875 0.04296875 0.0640625
0 0.82109375 0.63828125 0.09609375 0.08671875
0 0.30234375 0.684375 0.06875 0.1046875
0 0.35625 0.634375 0.06015625 0.08203125
0 0.725 0.8765625 0.13046875 0.17109375
0 0.0671875 0.64921875 0.053125 0.07421875
0 0.9265625 0.83515625 0.14609375 0.1515625
0 0.15078125 0.5546875 0.04140625 0.06328125
0 0.31796875 0.54453125 0.04453125 0.059375
0 0.0453125 0.7046875 0.06328125 0.1015625
0 0.96640625 0.6109375 0.06640625 0.07421875
0 0.56328125 0.67109375 0.08984375 0.1140625
0 0.22421875 0.7015625 0.06328125 0.096875
0 0.015625 0.53203125 0.03046875 0.05
0 0.5015625 0.61171875 0.0640625 0.09921875
0 0.56796875 0.41640625 0.04140625 0.03828125
0 0.35078125 0.503125 0.04296875 0.06015625
0 0.421875 0.5265625 0.05546875 0.071875
0 0.6234375 0.65546875 0.08515625 0.10078125
0 0.21484375 0.6359375 0.0515625 0.08125
0 0.628125 0.86875 0.14609375 0.2265625
0 0.61796875 0.509375 0.06484375 0.07890625
0 0.90078125 0.57578125 0.08125 0.06875
0 0.5609375 0.59453125 0.0703125 0.084375
0 0.85 0.86640625 0.15546875 0.1515625
0 0.690625 0.5875 0.090625 0.103125
0 0.690625 0.63828125 0.08984375 0.11796875
0 0.88671875 0.9453125 0.225 0.10703125
0 0.665625 0.47578125 0.04765625 0.06640625
0 0.75 0.58359375 0.0765625 0.090625
0 0.95546875 0.55859375 0.08046875 0.053125
0 0.003125 0.68359375 0.00625 0.0890625
0 0.00546875 0.5578125 0.0109375 0.065625