0 0.11328125 0.91328125 0.11328125 0.17109375
0 0.01875 0.940625 0.0375 0.11796875
0 0.12734375 0.70703125 0.06640625 0.115625
0 0.2578125 0.9359375 0.09921875 0.12578125
0 0.09765625 0.55625 0.04296875 0.05859375
0 0.3734375 0.92265625 0.115625 0.153125
0 0.30234375 0.68515625 0.06875 0.10546875
0 0.82109375 0.63828125 0.09609375 0.08671875
0 0.5171875 0.921875 0.13828125 0.15390625
0 0.35625 0.634375 0.06015625 0.08203125
0 0.72578125 0.8765625 0.13046875 0.17109375
0 0.9265625 0.83515625 0.14609375 0.1515625
0 0.203125 0.54921875 0.0421875 0.0640625
0 0.3171875 0.54375 0.04453125 0.05859375
0 0.225 0.7015625 0.06328125 0.096875
0 0.56328125 0.67109375 0.08984375 0.1140625
0 0.965625 0.61171875 0.0671875 0.07421875
0 0.15078125 0.5546875 0.04140625 0.06328125
0 0.0453125 0.70390625 0.06328125 0.10078125
0 0.5015625 0.61171875 0.06328125 0.09921875
0 0.62421875 0.65625 0.084375 0.10078125
0 0.62734375 0.86953125 0.146875 0.228125
0 0.21484375 0.6359375 0.05234375 0.08125
0 0.0671875 0.6484375 0.05234375 0.0734375
0 0.015625 0.53203125 0.03046875 0.05
0 0.90078125 0.57578125 0.08125 0.06953125
0 0.61796875 0.51015625 0.06484375 0.078125
0 0.421875 0.52734375 0.05546875 0.0734375
0 0.35078125 0.503125 0.0421875 0.06015625
0 0.95546875 0.559375 0.08046875 0.0515625
0 0.5609375 0.59453125 0.07109375 0.08515625
0 0.690625 0.58671875 0.09140625 0.10390625
0 0.690625 0.63828125 0.08984375 0.115625
0 0.75 0.58359375 0.07578125 0.09140625
0 0.88671875 0.946875 0.22421875 0.1046875
0 0.909375 0.96875 0.16484375 0.0609375
0 0.665625 0.4765625 0.04765625 0.065625
0 0.85 0.86796875 0.15546875 0.1515625
0 0.00546875 0.55859375 0.0109375 0.0640625
0 0.003125 0.684375 0.00625 0.090625