0 0.01875 0.93984375 0.0375 0.1171875
0 0.12734375 0.70703125 0.0671875 0.11484375
0 0.11328125 0.91328125 0.11328125 0.17109375
0 0.09765625 0.55703125 0.04296875 0.0609375
0 0.20234375 0.55078125 0.04375 0.06328125
0 0.515625 0.921875 0.13671875 0.1546875
0 0.39296875 0.684375 0.07734375 0.10625
0 0.8203125 0.63828125 0.09609375 0.08671875
0 0.3015625 0.68671875 0.06953125 0.10859375
0 0.0671875 0.6484375 0.053125 0.07578125
0 0.7234375 0.8765625 0.1265625 0.1703125
0 0.9265625 0.8359375 0.14609375 0.15390625
0 0.96640625 0.61171875 0.06640625 0.075
0 0.56328125 0.67109375 0.08984375 0.11484375
0 0.0453125 0.70546875 0.06328125 0.10390625
0 0.22421875 0.7015625 0.0640625 0.10078125
0 0.35078125 0.503125 0.04375 0.0609375
0 0.421875 0.5265625 0.05546875 0.07421875
0 0.15078125 0.55546875 0.04140625 0.0640625
0 0.50234375 0.61171875 0.06484375 0.1
0 0.35390625 0.634375 0.05703125 0.084375
0 0.9015625 0.57578125 0.08046875 0.06953125
0 0.21484375 0.63671875 0.05234375 0.08203125
0 0.62421875 0.65625 0.08359375 0.10078125
0 0.61796875 0.509375 0.06328125 0.07890625
0 0.015625 0.53203125 0.03046875 0.05
0 0.3171875 0.54375 0.04453125 0.05859375
0 0.95546875 0.55859375 0.08046875 0.0546875
0 0.56171875 0.59609375 0.07109375 0.084375
0 0.69140625 0.5859375 0.09140625 0.10078125
0 0.665625 0.47734375 0.0484375 0.06796875
0 0.26796875 0.9359375 0.11953125 0.1265625
0 0.628125 0.86953125 0.14609375 0.2296875
0 0.4734375 0.37421875 0.01171875 0.03828125
0 0.690625 0.6390625 0.08984375 0.11640625
0 0.75 0.58359375 0.07578125 0.09140625
0 0.85859375 0.86796875 0.17265625 0.153125
0 0.88671875 0.95 0.22421875 0.0984375
0 0.90078125 0.9671875 0.15546875 0.0640625
0 0.9765625 0.965625 0.04609375 0.06796875
0 0.003125 0.684375 0.00625 0.090625
0 0.00546875 0.5578125 0.0109375 0.059375
0 0.01171875 0.6859375 0.02265625 0.08984375