0 0.26328125 0.9359375 0.11171875 0.12578125
0 0.01875 0.93984375 0.0375 0.1171875
0 0.11328125 0.91328125 0.11328125 0.17109375
0 0.09765625 0.55703125 0.04296875 0.06015625
0 0.50234375 0.759375 0.16015625 0.11328125
0 0.82109375 0.6375 0.09609375 0.0859375
0 0.51640625 0.92109375 0.13984375 0.15546875
0 0.30234375 0.68515625 0.06875 0.10546875
0 0.721875 0.87578125 0.12421875 0.1703125
0 0.35078125 0.50234375 0.04375 0.06171875
0 0.22421875 0.70078125 0.06328125 0.09921875
0 0.39296875 0.684375 0.07734375 0.10625
0 0.9265625 0.83515625 0.14609375 0.1515625
0 0.31796875 0.54375 0.04453125 0.05859375
0 0.0671875 0.64921875 0.053125 0.07578125
0 0.0453125 0.7046875 0.06328125 0.1015625
0 0.421875 0.5265625 0.05546875 0.0734375
0 0.965625 0.61171875 0.0671875 0.071875
0 0.15078125 0.55546875 0.0421875 0.0640625
0 0.015625 0.53203125 0.03046875 0.05
0 0.62421875 0.65546875 0.084375 0.10078125
0 0.61796875 0.509375 0.06484375 0.07890625
0 0.50234375 0.6109375 0.06484375 0.0984375
0 0.3546875 0.634375 0.05703125 0.084375
0 0.20234375 0.54921875 0.04296875 0.0640625
0 0.21484375 0.6359375 0.053125 0.08125
0 0.56328125 0.6703125 0.08984375 0.11328125
0 0.90078125 0.575 0.08046875 0.06875
0 0.85546875 0.86875 0.16796875 0.15390625
0 0.95546875 0.559375 0.0796875 0.05390625
0 0.628125 0.86875 0.1453125 0.22890625
0 0.690625 0.63828125 0.08984375 0.11640625
0 0.56015625 0.59453125 0.06796875 0.08203125
0 0.85078125 0.39140625 0.03359375 0.02421875
0 0.75 0.58359375 0.0765625 0.090625
0 0.665625 0.4765625 0.04765625 0.06640625
0 0.90390625 0.96796875 0.15859375 0.06328125
0 0.88671875 0.95078125 0.225 0.09609375
0 0.12734375 0.70703125 0.06640625 0.115625
0 0.70625 0.59296875 0.0609375 0.08671875
0 0.67890625 0.5640625 0.06640625 0.0609375
0 0.00546875 0.5578125 0.0109375 0.0625
0 0.003125 0.684375 0.00625 0.090625